Punto Iteracion AntenaA   AntenaB   AntenaC   AntenaD   
P1    0         nan       nan       nan       nan       
P1    1         -69.0     -47.0     -47.0     -52.0     
P1    2         -72.0     -50.0     -47.0     -51.0     
P1    3         -65.0     -51.0     -47.0     -51.0     
P1    4         -70.0     -50.0     -49.0     -51.0     
P1    5         -67.0     -49.0     -46.0     -50.0     
P1    6         -67.0     -51.0     -48.0     -52.0     
P1    7         -64.0     -48.0     -48.0     -52.0     
P1    8         -64.0     -49.0     -49.0     -51.0     
P1    9         -67.0     -50.0     -48.0     -49.0     
P1    10        -65.0     -51.0     -49.0     -49.0     
P1    11        -66.0     -51.0     -48.0     -51.0     
P1    12        -65.0     -50.0     -48.0     -50.0     
P1    13        -66.0     -50.0     -49.0     -50.0     
P1    14        -67.0     -50.0     -48.0     -51.0     
P1    15        -66.0     -51.0     -49.0     -51.0     
P1    16        -66.0     -49.0     -46.0     -50.0     
P1    17        -66.0     -50.0     -46.0     -49.0     
P1    18        -66.0     -51.0     -47.0     -50.0     
P1    19        -66.0     -50.0     -46.0     -51.0     
P1    20        -64.0     -50.0     -47.0     -51.0     
P1    21        -65.0     -51.0     -47.0     -51.0     

P2    1         -54.0     -56.0     -59.0     -47.0     
P2    2         -56.0     -51.0     -58.0     -50.0     
P2    3         -54.0     -52.0     -57.0     -48.0     
P2    4         -55.0     -58.0     -59.0     -50.0     
P2    5         -56.0     -59.0     -59.0     -51.0     
P2    6         -56.0     -67.0     -57.0     -51.0     
P2    7         -55.0     -52.0     -57.0     -51.0     
P2    8         -54.0     -54.0     -58.0     -50.0     
P2    9         -57.0     -56.0     -57.0     -51.0     
P2    10        -56.0     -59.0     -58.0     -51.0     
P2    11        -57.0     -53.0     -58.0     -50.0     
P2    12        -56.0     -53.0     -56.0     -51.0     
P2    13        -56.0     -60.0     -58.0     -51.0     
P2    14        -55.0     -59.0     -57.0     -51.0     
P2    15        -55.0     -59.0     -58.0     -51.0     
P2    16        -55.0     -66.0     -56.0     -51.0     
P2    17        -56.0     -59.0     -58.0     -49.0     
P2    18        -56.0     -59.0     -58.0     -52.0     
P2    19        -50.0     -51.0     -54.0     -50.0     
P2    20        -55.0     -58.0     -57.0     -50.0     
P2    21        -55.0     -58.0     -55.0     -49.0     

P3    0         nan       nan       nan       nan       
P3    1         -50.0     -58.0     -58.0     -55.0     
P3    2         -51.0     -58.0     -60.0     -55.0     
P3    3         -51.0     -57.0     -59.0     -58.0     
P3    4         -51.0     -53.0     -60.0     -58.0     
P3    5         -51.0     -52.0     -61.0     -59.0     
P3    6         -51.0     -58.0     -60.0     -58.0     
P3    7         -49.0     -60.0     -57.0     -56.0     
P3    8         -48.0     -58.0     -58.0     -53.0     
P3    9         -48.0     -56.0     -57.0     -57.0     
P3    10        -48.0     -51.0     -59.0     -56.0     
P3    11        -48.0     -62.0     -58.0     -56.0     
P3    12        -50.0     -57.0     -59.0     -57.0     
P3    13        -49.0     -52.0     -59.0     -58.0     
P3    14        -49.0     -57.0     -58.0     -60.0     
P3    15        -50.0     -58.0     -59.0     -57.0     
P3    16        -47.0     -54.0     -57.0     -55.0     
P3    17        -49.0     -56.0     -58.0     -56.0     
P3    18        -48.0     -53.0     -56.0     -52.0     
P3    19        -60.0     -57.0     -60.0     -59.0     
P3    20        -50.0     -57.0     -59.0     -58.0     
P3    21        -49.0     -52.0     -59.0     -60.0     

P4    1         -48.0     -50.0     -59.0     -49.0     
P4    2         -48.0     -49.0     -52.0     -48.0     
P4    3         -49.0     -49.0     -56.0     -47.0     
P4    4         -46.0     -48.0     -54.0     -50.0     
P4    5         -47.0     -49.0     -56.0     -50.0     
P4    6         -49.0     -51.0     -57.0     -49.0     
P4    7         -46.0     -51.0     -59.0     -49.0     
P4    8         -49.0     -50.0     -57.0     -50.0     
P4    9         -48.0     -49.0     -59.0     -50.0     
P4    10        -48.0     -50.0     -58.0     -50.0     
P4    11        -48.0     -48.0     -61.0     -48.0     
P4    12        -48.0     -45.0     -57.0     -49.0     
P4    13        -47.0     -49.0     -57.0     -48.0     
P4    14        -49.0     -50.0     -57.0     -50.0     
P4    15        -49.0     -49.0     -57.0     -50.0     
P4    16        -47.0     -49.0     -57.0     -49.0     
P4    17        -49.0     -50.0     -58.0     -50.0     
P4    18        -46.0     -48.0     -58.0     -50.0     
P4    19        -49.0     -49.0     -60.0     -50.0     
P4    20        -48.0     -49.0     -59.0     -49.0     
P4    21        -49.0     -50.0     -60.0     -49.0     

P5    0         nan       nan       nan       nan       
P5    1         -48.0     -67.0     -56.0     -62.0     
P5    2         -47.0     -67.0     -54.0     -61.0     
P5    3         -47.0     -66.0     -56.0     -62.0     
P5    4         -48.0     -68.0     -56.0     -65.0     
P5    5         -46.0     -56.0     -56.0     -58.0     
P5    6         -47.0     -57.0     -58.0     -57.0     
P5    7         -48.0     -63.0     -59.0     -59.0     
P5    8         -48.0     -66.0     -59.0     -59.0     
P5    9         -48.0     -65.0     -59.0     -61.0     
P5    10        -49.0     -66.0     -61.0     -58.0     
P5    11        -48.0     -64.0     -59.0     -58.0     
P5    12        -48.0     -58.0     -60.0     -61.0     
P5    13        -48.0     -63.0     -60.0     -61.0     
P5    14        -48.0     -63.0     -59.0     -60.0     
P5    15        -47.0     -64.0     -59.0     -63.0     
P5    16        -46.0     -63.0     -58.0     -59.0     
P5    17        -46.0     -62.0     -55.0     -58.0     
P5    18        -45.0     -62.0     -58.0     -60.0     
P5    19        -48.0     -64.0     -59.0     -63.0     
P5    20        -48.0     -64.0     -58.0     -60.0     
P5    21        -48.0     -64.0     -59.0     -65.0     

P6    1         -45.0     -60.0     -51.0     -49.0     
P6    2         -44.0     -60.0     -50.0     -53.0     
P6    3         -44.0     -61.0     -50.0     -51.0     
P6    4         -46.0     -62.0     -51.0     -52.0     
P6    5         -44.0     -62.0     -51.0     -54.0     
P6    6         -45.0     -61.0     -50.0     -56.0     
P6    7         -46.0     -61.0     -51.0     -55.0     
P6    8         -46.0     -61.0     -50.0     -55.0     
P6    9         -47.0     -69.0     -51.0     -54.0     
P6    10        -48.0     -62.0     -51.0     -54.0     
P6    11        -49.0     -68.0     -52.0     -57.0     
P6    12        -49.0     -62.0     -49.0     -55.0     
P6    13        -48.0     -62.0     -49.0     -58.0     
P6    14        -48.0     -62.0     -51.0     -58.0     
P6    15        -49.0     -62.0     -52.0     -59.0     
P6    16        -46.0     -61.0     -50.0     -56.0     
P6    17        -47.0     -55.0     -52.0     -54.0     
P6    18        -48.0     -62.0     -49.0     -57.0     
P6    19        -49.0     -62.0     -51.0     -56.0     
P6    20        -48.0     -63.0     -49.0     -55.0     
P6    21        -48.0     -60.0     -49.0     -57.0     

P7    0         nan       nan       nan       nan       
P7    1         -58.0     -59.0     -46.0     -51.0     
P7    2         -56.0     -55.0     -45.0     -52.0     
P7    3         -56.0     -59.0     -47.0     -51.0     
P7    4         -56.0     -53.0     -47.0     -54.0     
P7    5         -53.0     -58.0     -47.0     -50.0     
P7    6         -58.0     -59.0     -49.0     -51.0     
P7    7         -55.0     -54.0     -47.0     -53.0     
P7    8         -55.0     -58.0     -49.0     -53.0     
P7    9         -57.0     -57.0     -46.0     -51.0     
P7    10        -58.0     -57.0     -46.0     -53.0     
P7    11        -56.0     -57.0     -51.0     -49.0     
P7    12        -57.0     -56.0     -49.0     -53.0     
P7    13        -57.0     -56.0     -48.0     -51.0     
P7    14        -58.0     -52.0     -47.0     -51.0     
P7    15        -57.0     -57.0     -47.0     -52.0     
P7    16        -58.0     -57.0     -48.0     -50.0     
P7    17        -56.0     -53.0     -47.0     -51.0     
P7    18        -55.0     -56.0     -45.0     -50.0     
P7    19        -55.0     -52.0     -48.0     -51.0     
P7    20        -55.0     -57.0     -47.0     -53.0     
P7    21        -56.0     -60.0     -49.0     -51.0     

P8    1         -56.0     -68.0     -64.0     -65.0     
P8    2         -57.0     -67.0     -68.0     -65.0     
P8    3         -57.0     -65.0     -67.0     -65.0     
P8    4         -57.0     -73.0     -67.0     -64.0     
P8    5         -57.0     -69.0     -65.0     -69.0     
P8    6         -58.0     -67.0     -68.0     -68.0     
P8    7         -57.0     -66.0     -64.0     -65.0     
P8    8         -57.0     -70.0     -64.0     -72.0     
P8    9         -55.0     -65.0     -64.0     -67.0     
P8    10        -56.0     -63.0     -61.0     -66.0     
P8    11        -56.0     -69.0     -64.0     -65.0     
P8    12        -56.0     -69.0     -63.0     -63.0     
P8    13        -57.0     -69.0     -62.0     -67.0     
P8    14        -57.0     -66.0     -67.0     -65.0     
P8    15        -57.0     -67.0     -64.0     -67.0     
P8    16        -56.0     -69.0     -66.0     -68.0     
P8    17        -56.0     -70.0     -68.0     -66.0     
P8    18        -57.0     -68.0     -64.0     -65.0     
P8    19        -58.0     -70.0     -62.0     -66.0     
P8    20        -58.0     -68.0     -62.0     -66.0     
P8    21        -57.0     -67.0     -59.0     -65.0     

P9    0         nan       nan       nan       nan       
P9    1         -59.0     -68.0     -62.0     -70.0     
P9    2         -54.0     -69.0     -66.0     -66.0     
P9    3         -51.0     -71.0     -60.0     -72.0     
P9    4         -53.0     -71.0     -62.0     -67.0     
P9    5         -53.0     -66.0     -62.0     -69.0     
P9    6         -54.0     -67.0     -65.0     -72.0     
P9    7         -53.0     -67.0     -62.0     -73.0     
P9    8         -52.0     -68.0     -59.0     -66.0     
P9    9         -52.0     -69.0     -63.0     -71.0     
P9    10        -52.0     -68.0     -63.0     -68.0     
P9    11        -53.0     -68.0     -63.0     -68.0     
P9    12        -53.0     -68.0     -62.0     -70.0     
P9    13        -54.0     -68.0     -63.0     -71.0     
P9    14        -52.0     -69.0     -60.0     -68.0     
P9    15        -53.0     -68.0     -58.0     -68.0     
P9    16        -52.0     -68.0     -59.0     -71.0     
P9    17        -53.0     -69.0     -61.0     -72.0     
P9    18        -48.0     -68.0     -62.0     -73.0     
P9    19        -52.0     -69.0     -59.0     -73.0     
P9    20        -53.0     -74.0     -63.0     -65.0     
P9    21        -54.0     -70.0     -67.0     -61.0     

P10   1         -60.0     -61.0     -58.0     -61.0     
P10   2         -59.0     -67.0     -59.0     -60.0     
P10   3         -57.0     -61.0     -60.0     -62.0     
P10   4         -60.0     -62.0     -58.0     -70.0     
P10   5         -60.0     -70.0     -57.0     -61.0     
P10   6         -59.0     -62.0     -59.0     -61.0     
P10   7         -59.0     -62.0     -60.0     -65.0     
P10   8         -57.0     -65.0     -58.0     -64.0     
P10   9         -58.0     -65.0     -57.0     -66.0     
P10   10        -60.0     -59.0     -58.0     -62.0     
P10   11        -59.0     -64.0     -55.0     -63.0     
P10   12        -59.0     -62.0     -57.0     -67.0     
P10   13        -57.0     -64.0     -58.0     -64.0     
P10   14        -60.0     -62.0     -57.0     -67.0     
P10   15        -58.0     -56.0     -61.0     -75.0     
P10   16        -59.0     -63.0     -56.0     -63.0     
P10   17        -60.0     -57.0     -57.0     -62.0     
P10   18        -60.0     -63.0     -59.0     -66.0     
P10   19        -59.0     -63.0     -58.0     -69.0     
P10   20        -57.0     -61.0     -57.0     -64.0     
P10   21        -59.0     -62.0     -57.0     -66.0     

P11   0         nan       nan       nan       nan       
P11   1         -55.0     -68.0     -48.0     -44.0     
P11   2         -57.0     -70.0     -49.0     -42.0     
P11   3         -56.0     -69.0     -49.0     -43.0     
P11   4         -56.0     -70.0     -47.0     -44.0     
P11   5         -56.0     -71.0     -49.0     -44.0     
P11   6         -57.0     -71.0     -50.0     -44.0     
P11   7         -56.0     -72.0     -48.0     -42.0     
P11   8         -56.0     -70.0     -49.0     -45.0     
P11   9         -57.0     -71.0     -47.0     -44.0     
P11   10        -57.0     -71.0     -50.0     -44.0     
P11   11        -56.0     -70.0     -46.0     -43.0     
P11   12        -57.0     -65.0     -47.0     -43.0     
P11   13        -58.0     -70.0     -48.0     -46.0     
P11   14        -56.0     -69.0     -46.0     -44.0     
P11   15        -57.0     -70.0     -48.0     -45.0     
P11   16        -57.0     -69.0     -47.0     -45.0     
P11   17        -56.0     -67.0     -46.0     -44.0     
P11   18        -57.0     -66.0     -46.0     -44.0     
P11   19        -57.0     -71.0     -46.0     -42.0     
P11   20        -57.0     -69.0     -46.0     -42.0     
P11   21        -57.0     -66.0     -47.0     -44.0     

P12   1         -57.0     -66.0     -49.0     -53.0     
P12   2         -55.0     -62.0     -49.0     -57.0     
P12   3         -55.0     -63.0     -51.0     -55.0     
P12   4         -57.0     -69.0     -54.0     -58.0     
P12   5         -57.0     -76.0     -53.0     -54.0     
P12   6         -59.0     -70.0     -50.0     -56.0     
P12   7         -55.0     -69.0     -55.0     -53.0     
P12   8         -51.0     -69.0     -55.0     -54.0     
P12   9         -52.0     -66.0     -52.0     -54.0     
P12   10        -52.0     -66.0     -52.0     -55.0     
P12   11        -51.0     -67.0     -52.0     -55.0     
P12   12        -52.0     -68.0     -53.0     -55.0     
P12   13        -51.0     -68.0     -54.0     -55.0     
P12   14        -51.0     -69.0     -53.0     -55.0     
P12   15        -52.0     -67.0     -54.0     -55.0     
P12   16        -53.0     -69.0     -54.0     -55.0     
P12   17        -53.0     -67.0     -53.0     -56.0     
P12   18        -51.0     -67.0     -54.0     -54.0     
P12   19        -50.0     -67.0     -53.0     -54.0     
P12   20        -51.0     -67.0     -53.0     -54.0     
P12   21        -51.0     -67.0     -54.0     -54.0     

P13   1         -66.0     -69.0     -50.0     -45.0     
P13   2         -65.0     -67.0     -49.0     -47.0     
P13   3         -65.0     -64.0     -50.0     -46.0     
P13   4         -63.0     -66.0     -49.0     -47.0     
P13   5         -63.0     -67.0     -49.0     -48.0     
P13   6         -64.0     -66.0     -50.0     -46.0     
P13   7         -65.0     -65.0     -49.0     -45.0     
P13   8         -66.0     -67.0     -50.0     -47.0     
P13   9         -65.0     -67.0     -48.0     -48.0     
P13   10        -65.0     -68.0     -49.0     -45.0     
P13   11        -65.0     -69.0     -50.0     -46.0     
P13   12        -63.0     -67.0     -49.0     -46.0     
P13   13        -64.0     -68.0     -50.0     -47.0     
P13   14        -63.0     -67.0     -50.0     -47.0     
P13   15        -65.0     -67.0     -51.0     -47.0     
P13   16        -66.0     -68.0     -49.0     -45.0     
P13   17        -64.0     -67.0     -49.0     -47.0     
P13   18        -65.0     -66.0     -50.0     -47.0     
P13   19        -66.0     -66.0     -50.0     -47.0     
P13   20        -64.0     -68.0     -51.0     -48.0     
P13   21        -64.0     -66.0     -49.0     -47.0     

P14   1         -58.0     -74.0     -46.0     -49.0     
P14   2         -59.0     -77.0     -48.0     -50.0     
P14   3         -58.0     -76.0     -49.0     -50.0     
P14   4         -59.0     -76.0     -48.0     -50.0     
P14   5         -59.0     -77.0     -49.0     -48.0     
P14   6         -60.0     -79.0     -48.0     -50.0     
P14   7         -59.0     -75.0     -49.0     -49.0     
P14   8         -58.0     -75.0     -49.0     -48.0     
P14   9         -59.0     -77.0     -49.0     -49.0     
P14   10        -59.0     -80.0     -50.0     -49.0     
P14   11        -58.0     -79.0     -49.0     -49.0     
P14   12        -59.0     -74.0     -47.0     -47.0     
P14   13        -58.0     -77.0     -49.0     -49.0     
P14   14        -59.0     -79.0     -49.0     -50.0     
P14   15        -58.0     -80.0     -49.0     -48.0     
P14   16        -58.0     -76.0     -49.0     -48.0     
P14   17        -59.0     -79.0     -49.0     -46.0     
P14   18        -59.0     -77.0     -50.0     -47.0     
P14   19        -53.0     -79.0     -48.0     -47.0     
P14   20        -58.0     -80.0     -50.0     -50.0     
P14   21        -57.0     -78.0     -47.0     -46.0     

P15   1         -62.0     -77.0     -51.0     -48.0     
P15   2         -61.0     -78.0     -49.0     -49.0     
P15   3         -61.0     -75.0     -49.0     -53.0     
P15   4         -60.0     -75.0     -49.0     -50.0     
P15   5         -62.0     -75.0     -49.0     -52.0     
P15   6         -63.0     -78.0     -47.0     -52.0     
P15   7         -59.0     -75.0     -47.0     -49.0     
P15   8         -62.0     -74.0     -48.0     -50.0     
P15   9         -63.0     -74.0     -48.0     -50.0     
P15   10        -63.0     -75.0     -50.0     -51.0     
P15   11        -62.0     -74.0     -49.0     -50.0     
P15   12        -61.0     -75.0     -49.0     -50.0     
P15   13        -61.0     -74.0     -51.0     -50.0     
P15   14        -62.0     -73.0     -49.0     -49.0     
P15   15        -61.0     -73.0     -50.0     -49.0     
P15   16        -62.0     -74.0     -49.0     -51.0     
P15   17        -61.0     -76.0     -51.0     -50.0     
P15   18        -62.0     -75.0     -49.0     -50.0     
P15   19        -62.0     -78.0     -50.0     -49.0     
P15   20        -62.0     -76.0     -49.0     -49.0     
P15   21        -61.0     -74.0     -50.0     -50.0     

P16   1         -64.0     -66.0     -43.0     -51.0     
P16   2         -67.0     -66.0     -42.0     -52.0     
P16   3         -65.0     -67.0     -43.0     -54.0     
P16   4         -65.0     -70.0     -45.0     -54.0     
P16   5         -65.0     -69.0     -44.0     -54.0     
P16   6         -65.0     -69.0     -44.0     -54.0     
P16   7         -66.0     -67.0     -43.0     -55.0     
P16   8         -66.0     -69.0     -43.0     -55.0     
P16   9         -65.0     -68.0     -43.0     -55.0     
P16   10        -65.0     -69.0     -43.0     -54.0     
P16   11        -67.0     -67.0     -43.0     -55.0     
P16   12        -67.0     -66.0     -44.0     -54.0     
P16   13        -66.0     -69.0     -44.0     -55.0     
P16   14        -65.0     -69.0     -44.0     -55.0     
P16   15        -65.0     -70.0     -44.0     -55.0     
P16   16        -67.0     -69.0     -43.0     -56.0     
P16   17        -66.0     nan       -44.0     -56.0     
P16   18        -66.0     -69.0     -43.0     -55.0     
P16   19        -65.0     -68.0     -43.0     -56.0     
P16   20        -66.0     -68.0     -44.0     -54.0     
P16   21        -66.0     -69.0     -42.0     -56.0     

P17   1         -63.0     -69.0     -41.0     -48.0     
P17   2         -65.0     -69.0     -39.0     -49.0     
P17   3         -64.0     -68.0     -39.0     -48.0     
P17   4         -63.0     -67.0     -40.0     -49.0     
P17   5         -62.0     -67.0     -40.0     -49.0     
P17   6         -72.0     nan       -39.0     -48.0     
P17   7         -66.0     -66.0     -39.0     -48.0     
P17   8         -65.0     -65.0     -39.0     -50.0     
P17   9         -62.0     -68.0     -40.0     -49.0     
P17   10        -54.0     -71.0     -38.0     -49.0     
P17   11        -64.0     -67.0     -39.0     -50.0     
P17   12        -63.0     -69.0     -38.0     -49.0     
P17   13        -64.0     -68.0     -39.0     -50.0     
P17   14        -63.0     -66.0     -39.0     -49.0     
P17   15        -65.0     -67.0     -38.0     -49.0     
P17   16        -63.0     -67.0     -40.0     -49.0     
P17   17        -61.0     -66.0     -39.0     -50.0     
P17   18        -60.0     -67.0     -38.0     -48.0     
P17   19        -62.0     -67.0     -39.0     -48.0     
P17   20        -63.0     -68.0     -39.0     -49.0     
P17   21        -62.0     -66.0     -41.0     -48.0     

P18   1         -60.0     -67.0     -41.0     -41.0     
P18   2         -62.0     -69.0     -39.0     -41.0     
P18   3         -60.0     -77.0     -40.0     -41.0     
P18   4         -58.0     -81.0     -41.0     -42.0     
P18   5         -60.0     -75.0     -40.0     -42.0     
P18   6         -60.0     -73.0     -40.0     -42.0     
P18   7         -59.0     -76.0     -40.0     -42.0     
P18   8         -60.0     -82.0     -40.0     -41.0     
P18   9         -60.0     -79.0     -39.0     -43.0     
P18   10        -61.0     -73.0     -40.0     -44.0     
P18   11        -60.0     -78.0     -42.0     -41.0     
P18   12        -61.0     -76.0     -41.0     -41.0     
P18   13        -61.0     -77.0     -42.0     -43.0     
P18   14        -60.0     -75.0     -43.0     -44.0     
P18   15        -62.0     -78.0     -52.0     -41.0     
P18   16        -66.0     -69.0     -56.0     -42.0     
P18   17        -66.0     -67.0     -53.0     -41.0     
P18   18        -63.0     -66.0     -53.0     -41.0     
P18   19        -65.0     -67.0     -55.0     -42.0     
P18   20        -62.0     -68.0     -54.0     -41.0     
P18   21        -61.0     -68.0     -55.0     -42.0     

P19   1         -63.0     -65.0     -25.0     -53.0     
P19   2         -66.0     -68.0     -25.0     -52.0     
P19   3         -68.0     -64.0     -23.0     -50.0     
P19   4         -68.0     -57.0     -25.0     -51.0     
P19   5         -66.0     -65.0     -22.0     -50.0     
P19   6         -66.0     -66.0     -23.0     -50.0     
P19   7         -67.0     -63.0     -23.0     -51.0     
P19   8         -68.0     -60.0     -23.0     -50.0     
P19   9         -67.0     -61.0     -23.0     -50.0     
P19   10        -64.0     -65.0     -25.0     -50.0     
P19   11        -64.0     -63.0     -23.0     -50.0     
P19   12        -68.0     -67.0     -25.0     -50.0     
P19   13        -66.0     -67.0     -24.0     -48.0     
P19   14        -66.0     -67.0     -23.0     -49.0     
P19   15        -67.0     -67.0     -24.0     -49.0     
P19   16        -66.0     -67.0     -23.0     -49.0     
P19   17        -69.0     -66.0     -23.0     -49.0     
P19   18        -65.0     -65.0     -24.0     -49.0     
P19   19        -66.0     -71.0     -23.0     -53.0     
P19   20        -69.0     -69.0     -23.0     -50.0     
P19   21        -65.0     -67.0     -22.0     -49.0     

P20   0         nan       nan       nan       nan       
P20   1         -58.0     -70.0     -36.0     -60.0     
P20   2         -58.0     -70.0     -33.0     -62.0     
P20   3         -56.0     -75.0     -38.0     -63.0     
P20   4         -63.0     -76.0     -36.0     -64.0     
P20   5         -59.0     -70.0     -35.0     -62.0     
P20   6         -59.0     -71.0     -34.0     -69.0     
P20   7         -65.0     -69.0     -35.0     -65.0     
P20   8         -63.0     -73.0     -36.0     -58.0     
P20   9         -64.0     -72.0     -34.0     -65.0     
P20   10        -60.0     -69.0     -35.0     -64.0     
P20   11        -60.0     -77.0     -34.0     -62.0     
P20   12        -63.0     -72.0     -35.0     -65.0     
P20   13        -60.0     -72.0     -34.0     -62.0     
P20   14        -62.0     -68.0     -33.0     -62.0     
P20   15        -62.0     -69.0     -34.0     -65.0     
P20   16        -60.0     -69.0     -36.0     -64.0     
P20   17        -61.0     -73.0     -34.0     -57.0     
P20   18        -57.0     -73.0     -33.0     -64.0     
P20   19        -64.0     -71.0     -33.0     -64.0     
P20   20        -63.0     -74.0     -33.0     -63.0     
P20   21        -64.0     -75.0     -34.0     -64.0     

P21   1         -57.0     -68.0     -42.0     -38.0     
P21   2         -59.0     -72.0     -45.0     -38.0     
P21   3         -57.0     -65.0     -50.0     -37.0     
P21   4         -58.0     -66.0     -48.0     -36.0     
P21   5         -57.0     -65.0     -48.0     -36.0     
P21   6         -57.0     -66.0     -48.0     -38.0     
P21   7         -57.0     -64.0     -48.0     -37.0     
P21   8         -51.0     -64.0     -49.0     -37.0     
P21   9         -57.0     -64.0     -48.0     -37.0     
P21   10        -59.0     -67.0     -48.0     -38.0     
P21   11        -57.0     -65.0     -48.0     -36.0     
P21   12        -58.0     -71.0     -50.0     -39.0     
P21   13        -57.0     -66.0     -49.0     -39.0     
P21   14        -56.0     -65.0     -48.0     -36.0     
P21   15        -57.0     -64.0     -48.0     -37.0     
P21   16        -57.0     -64.0     -46.0     -36.0     
P21   17        -57.0     -64.0     -48.0     -36.0     
P21   18        -57.0     -64.0     -47.0     -37.0     
P21   19        -57.0     -64.0     -47.0     -37.0     
P21   20        -57.0     -69.0     -47.0     -36.0     
P21   21        -54.0     -66.0     -47.0     -35.0     

